01|01|02|00|00|00|00|01|2F 00012F THE INFORMER
01|01|02|00|00|00|00|02|87 000287 CLASSIFIED ADS
01|01|00|80|00|02|00|01|5C 00015C Q*BERT
01|01|00|80|00|00|00|02|9E 00029E MOONSWEEPER
01|01|02|00|00|00|00|02|07 000207 KNOW-IT-ALL
01|01|02|00|00|00|00|01|FB 0001FB DISK TUTORIAL
00|01|02|00|00|00|00|00|AC 0000AC DISK UTILITIES
01|01|02|00|00|00|00|02|0F 00020F PRINTER TUTORIAL
01|01|10|00|00|02|00|00|6F 00006F ASTROLANDER
01|01|10|00|00|02|00|00|82 000082 DEMOTRONS
01|01|10|00|00|02|00|00|D8 0000D8 LASER ATTACK
01|01|10|00|00|02|00|01|F3 0001F3 MUMMY'S TOMB
01|01|10|00|00|02|00|00|91 000091 PING
01|01|10|00|00|02|00|00|CD 0000CD RENEGADE
01|01|14|00|00|02|00|00|C1 0000C1 SCHMOZZLE
01|01|10|00|00|02|00|00|4B 00004B TANK COMMANDER
01|01|10|00|00|02|00|01|A4 0001A4 UFO'S
01|01|10|00|00|02|00|00|B1 0000B1 ZIPPER
01|01|14|00|00|02|00|02|3E 00023E BIRDS OF A FEATHER
01|01|14|00|00|02|00|02|1A 00021A EMBASSY CAPER
01|01|14|00|00|00|00|02|74 000274 FALL FROM GRACE
01|01|14|00|00|02|00|02|1B 00021B MURDER MANSION
01|01|14|00|00|00|00|02|54 000254 NIGHT WATCH
00|01|14|20|00|02|00|01|F7 0001F7 ZORK I
01|01|14|00|00|02|00|02|08 000208 ZORK TUTORIAL
00|01|14|00|00|02|00|01|9B 00019B B.C. TRIVIA
01|01|10|00|00|02|00|00|C3 0000C3 BIORHYTHMS
01|01|10|00|00|02|00|00|A8 0000A8 CHINESE HOROSCOPES
01|01|10|00|00|00|00|00|40 000040 HERBS AND SPICE 1
01|01|10|00|00|00|00|00|41 000041 HERBS AND SPICE 2
01|01|15|00|00|02|00|00|B2 0000B2 METRIC CONVERTER
01|01|15|00|00|02|00|00|E8 0000E8 MORTGAGE CALC
00|02|10|00|00|02|00|01|3E 00013E WINE WATCH
01|01|15|00|00|02|00|00|B0 0000B0 WIZTYPE
00|01|15|00|00|02|00|00|29 000029 WIZTYPE TUTOR
01|01|10|00|00|00|00|00|B8 0000B8 ALPHABLAST II
01|01|14|00|00|02|00|00|74 000074 ATC
01|01|14|00|00|02|00|01|A5 0001A5 BACKGAMMON
01|01|10|00|00|02|00|00|76 000076 BLACKJACK
01|01|10|00|00|00|00|02|51 000251 CASINO BINGO
01|01|14|00|00|02|00|02|1F 00021F CHECKERS
01|01|10|00|00|02|00|00|D4 0000D4 HEAVYWEIGHT BOXING
01|01|14|00|00|02|00|01|A6 0001A6 MACBETH
01|01|10|00|00|02|00|00|D5 0000D5 MR. CHIN
01|01|10|00|00|02|00|00|AF 0000AF PINBALL
01|01|10|00|00|02|00|00|93 000093 ROULETTE
01|01|14|00|00|02|00|00|35 000035 SARGON II CHESS
01|01|10|00|00|02|00|01|09 000109 SUPER BILLIARDS
01|01|10|00|00|00|00|01|EF 0001EF SUPER BLOOPER
01|01|10|00|00|02|00|00|83 000083 TENNIS
01|01|10|00|00|02|00|01|05 000105 TOURNAMENT POKER
01|01|08|00|00|00|00|01|20 000120 ANTARCTIC VENTURE
01|01|08|00|00|00|00|01|AB 0001AB AQUATTACK
01|01|08|00|00|00|00|01|24 000124 CIRCUS CHARLIE
01|01|08|00|00|02|00|00|94 000094 FLIP AND FLOP
01|01|08|00|00|00|00|01|5B 00015B HYPER SPORTS
01|01|08|00|00|00|00|01|23 000123 KIDDY PARK
00|01|08|00|00|02|00|01|5F 00015F MANAGER'S BASEBALL
01|01|08|00|00|02|00|00|9A 00009A MANIA
01|01|08|00|00|02|00|00|DF 0000DF MINER 2049ER
01|01|08|00|00|00|00|02|76 000276 NOVA BLAST
01|01|08|00|00|02|00|01|1E 00011E QUEST FOR TIRES
01|01|08|00|00|02|00|00|BC 0000BC SKI SARAJEVO
01|01|08|00|00|00|00|01|5D 00015D SKI WHISTLER
01|01|08|00|00|02|00|01|08 000108 STEP UP
01|01|08|00|00|00|00|01|22 000122 TIME PILOT
01|01|08|00|00|00|00|00|43 000043 TRACK & FIELD 1
01|01|08|00|00|00|00|01|21 000121 TRACK & FIELD 2
01|01|08|00|00|00|00|02|7A 00027A WING WAR
00|01|04|00|00|02|00|00|1B 00001B ALPHA LAB (L)
01|01|04|00|00|00|00|02|8C 00028C ALPHAPOWER
01|01|04|00|00|00|00|01|F0 0001F0 ANTONYM ANTICS
01|01|04|00|00|02|00|02|13 000213 CORRECT-IT
01|01|04|00|00|00|00|00|81 000081 CRISS-CROSS
01|01|04|00|00|02|00|01|EC 0001EC DEFINITION
00|01|04|00|00|00|00|00|88 000088 FLASHCARDS
01|01|04|00|00|02|00|02|31 000231 FRENCH VERBS I
01|01|04|00|00|02|00|02|32 000232 FRENCH VERBS II
01|01|04|00|00|02|00|02|33 000233 FRENCH WORDS I
01|01|04|00|00|02|00|02|34 000234 FRENCH WORDS II
01|01|04|00|00|02|00|01|ED 0001ED GRAMMAR
01|01|04|00|00|00|00|00|DB 0000DB LEARNING LETTERS
01|01|04|00|00|02|00|02|14 000214 MAKE UP
01|01|04|00|00|02|00|02|16 000216 NOUNS
01|01|04|00|00|00|00|01|0F 00010F RUNES
00|01|04|00|00|00|00|00|84 000084 WILEY'S DICTIONARY
00|01|04|00|00|00|00|02|4F 00024F DOODLES
01|01|05|00|00|00|00|00|3F 00003F PAINTPOT
01|01|05|00|00|00|00|02|60 000260 PAINTPOT TUTOR
01|01|05|10|00|00|00|01|BC 0001BC NABU BASIC
00|01|05|10|00|00|00|01|31 000131 NABU BASIC TUTOR
00|01|04|00|00|02|00|00|13 000013 LOGO
01|02|04|00|00|02|00|00|DA 0000DA LOGO ACTIVITY HELP
01|01|04|00|00|02|00|00|42 000042 LOGO REFERENCE
00|01|14|00|00|02|00|01|25 000125 COMPUTER GLOSSARY
01|01|10|00|00|02|00|01|30 000130 LOGO PREVIEW
01|01|15|00|00|02|00|00|B0 0000B0 WIZTYPE
00|01|15|00|00|02|00|00|29 000029 WIZTYPE TUTOR
01|01|15|00|00|02|00|00|B2 0000B2 METRIC CONVERTER
01|01|15|00|00|02|00|00|E8 0000E8 MORTGAGE CALC
00|01|05|20|00|00|00|02|7B 00027B NABU EDITOR
00|02|04|00|00|02|00|01|7C 00017C MINERAL HUNT (L)
00|02|04|00|00|02|00|01|76 000176 O CANADA (L)
00|02|04|00|00|02|00|00|C6 0000C6 PROVINCES (L)
00|01|04|00|00|02|00|01|39 000139 BEEVADERS (L)
00|01|04|00|00|02|00|01|28 000128 DARTS AND BALLOONS
01|01|04|00|00|00|00|00|D9 0000D9 DEPOT
01|01|04|00|00|00|00|00|70 000070 GROG!
00|01|04|00|00|00|00|00|BE 0000BE ZOT!
01|01|14|00|00|02|00|02|3E 00023E BIRDS OF A FEATHER
01|01|14|00|00|02|00|02|1A 00021A EMBASSY CAPER
01|01|14|00|00|00|00|02|74 000274 FALL FROM GRACE
01|01|14|00|00|02|00|02|1B 00021B MURDER MANSION
01|01|14|00|00|00|00|02|54 000254 NIGHT WATCH
01|01|04|00|00|00|00|01|F1 0001F1 PARLOR POWER
01|01|04|00|00|02|00|01|EE 0001EE SHAKESPEARE
00|01|14|20|00|02|00|01|F7 0001F7 ZORK I
01|01|14|00|00|02|00|02|08 000208 ZORK TUTORIAL
01|01|04|00|00|00|00|00|27 000027 CIRCUIT
00|01|04|00|00|02|00|01|49 000149 WHIZ MIND (L)
01|01|04|00|00|00|00|00|A4 0000A4 WORD MASTERMIND
01|01|04|00|00|00|00|00|DE 0000DE WORD ROTATE
00|01|04|00|00|02|00|00|21 000021 ANGLE TANGLE (L)
01|01|04|00|00|02|00|02|2F 00022F BINOMIALS
01|01|04|00|00|02|00|00|CC 0000CC DECIMALS
01|01|04|00|00|02|00|00|D2 0000D2 FRACTIONS
01|01|04|00|00|00|00|00|DC 0000DC LEARNING NUMBERS
00|01|04|00|00|02|00|01|54 000154 MATH ATTACK (L)
01|01|04|00|00|00|00|01|C9 0001C9 MATH PUZZLE
01|01|04|00|00|02|00|00|DD 0000DD MATH QUIZ
01|01|04|00|00|02|00|02|30 000230 MONOMIALS
01|01|04|00|00|02|00|00|B3 0000B3 PERCENTAGES
01|01|04|00|00|02|00|00|D3 0000D3 SHAPES
01|01|04|00|00|02|00|02|2D 00022D SIGNED NUMBERS
01|01|04|00|00|02|00|02|2E 00022E TRINOMIALS
01|01|04|00|00|00|00|01|A7 0001A7 B.C. MATCH UP
00|01|14|00|00|02|00|01|9B 00019B B.C. TRIVIA
01|01|04|00|00|02|00|02|15 000215 MIX-IT
01|01|04|00|00|02|00|00|8E 00008E INTERVALS
01|01|04|00|00|02|00|01|36 000136 KEYBOARD
01|01|04|00|00|02|00|00|72 000072 MAJOR SCALES
00|01|04|00|00|00|00|02|36 000236 MUSIC MAKER
01|01|04|00|00|02|00|01|37 000137 NOTES AND STAFF
01|01|04|00|00|02|00|00|80 000080 SHARPS AND FLATS
01|01|04|00|00|02|00|01|38 000138 TONES & SEMITONES
01|01|04|00|00|02|00|02|11 000211 ATMOSPHERE
01|01|04|00|00|02|00|02|10 000210 ATOMS
01|01|04|00|00|02|00|01|04 000104 CAPACITORS
01|01|04|00|00|02|00|02|2A 00022A COMPOUNDS
01|01|04|00|00|02|00|02|2C 00022C ELEMENTS
01|01|04|00|00|02|00|02|2B 00022B EQUATIONS
01|01|10|00|00|02|00|02|35 000235 IONS
01|01|04|00|00|02|00|00|CB 0000CB METRIC CONVERSION
01|01|04|00|00|02|00|01|00 000100 MOTION AND FORCE
01|01|04|00|00|02|00|01|01 000101 MOTORCYCLE
01|01|04|00|00|02|00|02|17 000217 PLANETS
01|01|04|00|00|02|00|01|02 000102 RESISTORS
01|01|14|00|00|02|00|00|74 000074 ATC
01|01|14|00|00|02|00|01|A5 0001A5 BACKGAMMON
01|01|14|00|00|02|00|02|1F 00021F CHECKERS
00|01|10|00|00|00|00|02|5F 00025F HUNGRY DRAGON (L)
01|01|14|00|00|02|00|01|A6 0001A6 MACBETH
00|01|04|00|00|02|00|01|4E 00014E MAZE CRAZE (L)
00|01|04|00|00|00|00|00|38 000038 NIMBLE (L)
01|01|14|00|00|02|00|00|35 000035 SARGON II CHESS
01|01|05|10|00|00|00|01|BC 0001BC NABU BASIC
00|01|05|10|00|00|00|01|31 000131 NABU BASIC TUTOR
01|01|01|10|00|02|00|02|18 000218 NABU FILER
01|01|01|10|00|02|00|02|1E 00021E NABU FILER TUTOR
00|01|14|00|00|02|00|01|25 000125 COMPUTER GLOSSARY
00|01|01|10|00|00|00|00|46 000046 FANCY FONT
01|01|01|10|00|00|00|01|BB 0001BB FANCY FONT TUTOR
01|01|15|00|00|02|00|00|B2 0000B2 METRIC CONVERTER
01|01|15|00|00|02|00|00|E8 0000E8 MORTGAGE CALC
01|01|01|10|00|00|00|01|BD 0001BD NABU CALC
01|01|01|10|00|00|00|01|BE 0001BE NABU CALC TUTOR
00|01|01|10|00|00|00|01|BF 0001BF NABU SPELLER
01|01|01|10|00|00|00|01|E8 0001E8 NABU SPELLER TUTOR
00|01|01|10|00|00|00|01|E9 0001E9 NABU WRITER
01|01|05|00|00|00|00|00|3F 00003F PAINTPOT
01|01|05|00|00|00|00|02|60 000260 PAINTPOT TUTOR
01|01|15|00|00|02|00|00|B0 0000B0 WIZTYPE
00|01|15|00|00|02|00|00|29 000029 WIZTYPE TUTOR
01|01|14|00|00|00|00|02|75 000275 GRACE
01|01|00|00|00|02|00|01|10 000110 QA PAC-MAN
01|01|00|00|00|02|00|01|D0 0001D0 QA DIG DUG
01|01|00|00|00|02|00|01|53 000153 QA GALAXIAN
00|01|00|00|00|04|00|02|89 000289 ADMIN
01|01|02|00|00|00|00|01|F2 0001F2 SPORTS STUMPER
01|01|10|00|00|02|00|00|A3 0000A3 SKETCH
01|01|7F|FF|FF|FF|00|02|80 000280 BOOTSEG1
01|01|7F|FF|FF|FF|00|02|82 000282 BOOTSEG2
00|01|20|00|00|02|00|01|DC 0001DC C64 MENU
00|01|7F|FF|FF|FF|00|02|78 000278 C64 MENU1
01|01|7F|FF|FF|FF|00|02|81 000281 COSEG
00|01|7F|FF|FF|FF|00|01|91 000191 MESSAGE
00|01|20|00|00|02|00|01|D3 0001D3 MSXDIRECTORY
01|01|7F|FF|FF|FF|00|00|AA 0000AA NPC DISC
01|01|7F|FF|FF|FF|00|00|71 000071 PACMON
01|01|7F|FF|FF|FF|00|00|73 000073 PCTEST
01|01|7F|FF|FF|FF|00|00|C2 0000C2 PREAUTH
01|01|7F|FF|FF|FF|00|02|77 000277 SUPERMON
02|01|00|20|00|00|00|00|03 000003 XIOS0
02|01|7F|FF|FF|FF|00|00|04 000004 XIOS1
